dataset_number/I:crossSection_pb/D:kFactor/D:genFiltEff/D:events/D
345718  0.4823         1.0            1.0000E+00  198164    

364207  50.484         0.9751         0.1087      399213    

364136  40.746         0.9751         1.5026E-01  550481    

364104  108.98         0.9751         1.9027E-01  5792      

364188  946.49         0.9702         2.4245E-01  471755    

410157  0.52821        1.11           1.0000E+00  527528    

364112  1.787          0.9751         1.0000E+00  36805     

364123  8.6703         0.9751         5.6349E-01  1692410   

364183  1.2344         0.9702         1.0000E+00  2781522   

410560  0.24041        1.0            1.0000E+00  294069    

346344  0.52458        1.0            4.3842E-01  1545527   

364304  0.62194        1.0            1.0000E+00  83248     

364166  72.103         0.9702         3.2016E-01  10386     

364103  109.14         0.9751         6.8992E-01  17508     

410156  0.15504        1.11           1.0000E+00  261575    

364134  40.756         0.9751         6.1697E-01  539124    

364246  0.001668       1.0            4.4626E-01  24869     

364173  944.98         0.9702         6.7483E-01  8407918   

346345  0.054667       1.0            1.0000E+00  2474359   

364250  1.2523         1.0            1.0000E+00  5252508   

364704  254610.0       1.0            1.3366E-02  139188    

364110  8.5259         0.9751         2.6577E-01  8235      

364200  50.33          0.9751         8.9306E-01  3436      

364182  15.05          0.9702         1.0000E+00  3934458   

364113  0.14761        0.9751         1.0000E+00  18900     

364135  40.716         0.9751         2.3280E-01  319840    

364119  110.46         0.9751         1.1547E-01  5020124   

364190  339.69         0.9702         5.9821E-01  1096003   

364701  78050000000.0  1.0            2.4424E-02  1611      

363355  15.561         1.0            2.8003E-01  13044     

364305  0.62186        1.0            1.0000E+00  89028     

364199  2414.2         0.9751         3.4445E-02  221       

364101  1982.2         0.9751         1.1319E-01  5228      

364193  72.078         0.9702         5.6172E-01  474086    

410218  0.036864       1.12           1.0000E+00  1218064   

364710  0.0011962      1.0            5.8933E-03  40186     

364302  0.92331        1.0            1.4154E-01  84392     

345705  0.0099577      1.0            1.0000E+00  26572     

364212  50.376         0.9751         8.9310E-01  53701     

364127  0.14875        0.9751         1.0000E+00  896901    

410155  0.54822        1.096          1.0000E+00  1828600   

363356  15.564         1.0            1.4158E-01  3383293   

363360  24.724         1.0            1.0000E+00  1575131   

410649  3.9939         0.9458         1.0000E+00  466437    

364158  19143.0        0.9702         4.4210E-02  8880      

364283  0.010567       1.0            1.0000E+00  108760    

364215  3.2813         0.9751         1.5581E-01  9663      

364711  4.2263e-05     1.0            2.6730E-03  43055     

346343  0.23844        1.0            1.0000E+00  285824    

364125  8.6799         0.9751         1.7578E-01  3436312   

364163  339.8          0.9702         2.9172E-01  31117     

410471  729.77         1.13974074379  4.5621E-01  533792    

364198  2414.3         0.9751         9.6536E-01  495       

410470  729.77         1.13975636159  5.4382E-01  36327231  

364168  15.008         0.9702         1.0000E+00  37342     

364116  1982.0         0.9751         6.5194E-02  6105124   

364108  39.888         0.9751         1.5570E-01  96864     

364109  8.5251         0.9751         5.6023E-01  18329     

364129  1981.9         0.9751         1.1343E-01  257076    

364177  339.8          0.9702         2.8805E-01  8679015   

364124  8.6668         0.9751         2.6531E-01  848255    

364191  339.84         0.9702         2.9032E-01  664555    

364140  1.8078         0.9751         1.0000E+00  407831    

364205  2415.5         0.9751         3.4696E-02  98705     

364121  40.671         0.9751         2.3209E-01  2513478   

364172  19143.0        0.9702         4.4154E-02  8674021   

364244  0.0035467      1.0            1.0000E+00  26866     

364253  4.579          1.0            1.0000E+00  5228793   

345723  0.0071139      1.0            1.0000E+00  34430     

364138  8.6757         0.9751         2.6622E-01  121374    

364214  3.2852         0.9751         8.5552E-01  21862     

363494  0.60293        1.0            1.0000E+00  2972      

410220  0.036555       1.12           1.0000E+00  253913    

410644  2.027          1.0170         1.0000E+00  448369    

364162  339.73         0.9702         6.0009E-01  25045     

364712  1.0367e-06     1.0            4.2889E-04  44798     

364181  72.077         0.9702         1.3755E-01  3661649   

364206  50.354         0.9751         8.9320E-01  885156    

364185  19154.0        0.9702         1.2951E-01  555286    

363359  24.708         1.0            1.0000E+00  1588441   

364210  2416.0         0.9751         9.6534E-01  4590      

345706  0.010071       1.0            1.0000E+00  544249    

364194  71.99          0.9702         3.1863E-01  291341    

363357  6.7975         1.0            1.0000E+00  8479      

364213  50.464         0.9751         0.10985     24460     

410472  729.77         1.13975636159  1.0547E-01  36467778  

410645  1.2675         1.0167         1.0000E+00  459966    

364285  0.11634        1.0            1.0000E+00  149108    

364102  1981.5         0.9751         6.5069E-02  11722     

364192  339.68         0.9702         1.0575E-01  1342732   

364160  946.12         0.9702         2.4357E-01  14312     

364130  1982.1         0.9751         6.5432E-02  453327    

410648  3.997          0.9451         1.0000E+00  466216    

364141  0.14826        0.9751         1.0000E+00  152445    

364208  3.2539         0.9751         8.5485E-01  260708    

364202  3.2398         0.9751         8.5373E-01  2605      

364288  1.4496         1.0            1.0000E+00  93971     

364249  0.00038545     1.0            4.4467E-01  11572     

364106  39.87          0.9751         6.1125E-01  28111     

410658  36.995         1.1935         1.0000E+00  1149724   

364242  0.0071979      1.0            1.0000E+00  34730     

364164  339.68         0.9702         1.0844E-01  99271     

364211  2414.4         0.9751         3.4676E-02  2023      

364114  1981.6         0.9751         8.2118E-01  5370609   

364171  19145.0        0.9702         1.3038E-01  10635074  

364156  19151.0        0.9702         8.2465E-01  9400      

364133  110.67         0.9751         1.1851E-01  526050    

364169  1.2349         0.9702         1.0000E+00  47527     

364245  0.00018807     1.0            1.0000E+00  33800     

364203  3.2813         0.9751         1.6027E-01  1687      

364189  945.87         0.9702         8.3903E-02  414143    

410659  22.173         1.1849         1.0000E+00  1187378   

364176  339.75         0.9702         5.9858E-01  6034932   

364243  0.0017966      1.0            1.0000E+00  38192     

364287  0.040854       1.0            1.0000E+00  43625     

364197  1.2342         0.9702         1.0000E+00  327665    

363358  3.4328         1.0            1.0000E+00  1661721   

364282  9.1472         1.0            1.0000E+00  13690     

364131  110.66         0.9751         6.9203E-01  486399    

364184  19155.0        0.9702         8.2462E-01  574248    

364139  8.6755         0.9751         1.7537E-01  245816    

364286  0.02521        1.0            1.0000E+00  418099    

410081  0.0080952      1.22342593851  1.0000E+00  15993     

364117  110.64         0.9751         6.9275E-01  4733000   

364289  2.9599         1.0            1.0000E+00  619970    

364707  16.215         1.0            1.1097E-02  158931    

364170  19153.0        0.9702         8.2467E-01  12154597  

364161  944.8          0.9702         8.4525E-02  42368     

364111  8.5296         0.9751         1.7458E-01  40873     

364284  0.046996       1.0            1.0000E+00  605728    

364118  110.5          0.9751         1.8933E-01  1633168   

364137  8.6726         0.9751         5.6407E-01  1015233   

364115  1981.7         0.9751         1.1347E-01  3608997   

364180  72.105         0.9702         3.1969E-01  1965170   

304014  0.0016396      1.0            1.0000E+00  63933     

364254  12.501         1.0            1.0         6038567   

364100  1982.5         0.9751         8.2142E-01  7337      

364281  36.377         0.9751         1.0000E+00  13284     

345715  0.2685         1.0            1.0000E+00  88018     

364708  0.62506        1.0            1.0156E-02  223362    

364248  0.00038533     1.0            2.2453E-01  19295     

410646  37.935         0.9450         1.0000E+00  1729930   

364186  19152.0        0.9702         4.5128E-02  427947    

364201  50.29          0.9751         1.1212E-01  3563      

364167  72.063         0.9702         1.3720E-01  33908     

364105  109.03         0.9751         1.1735E-01  30249     

364157  19145.0        0.9702         1.3031E-01  9403      

364195  71.944         0.9702         1.3597E-01  183609    

364165  72.084         0.9702         5.4766E-01  19783     

364179  72.077         0.9702         5.4829E-01  3143662   

364174  946.37         0.9702         2.4414E-01  6187625   

364703  26450000.0     1.0            1.1658E-02  61514     

410219  0.036868       1.12           1.0000E+00  251654    

364303  0.92488        1.0            2.8024E-01  637       

364709  0.019639       1.0            1.2056E-02  139797    

363489  11.42          1.0            1.0000E+00  1591994   

364120  40.645         0.9751         6.1591E-01  4140056   

364706  257.54         1.0            9.4734E-03  214765    

364126  1.8092         0.9751         1.0000E+00  2598153   

364702  2433000000.0   1.0            9.8631E-03  31000     

364187  945.58         0.9702         6.7560E-01  621445    

364175  945.63         0.9702         8.3353E-02  11170345  

364204  2415.3         0.9751         9.6520E-01  238614    

364255  3.2344         1.0            1.0         1427846   

364196  15.052         0.9702         1.0000E+00  416471    

364178  339.7          0.9702         1.1088E-01  14702873  

364700  78050000000.0  1.0            9.7533E-01  635       

364159  945.89         0.9702         6.7430E-01  21550     

410080  0.0091626      1.00413615479  1.0000E+00  64610     

364128  1982.0         0.9751         8.2142E-01  369450    

364247  1.4508e-05     1.0            1.0000E+00  24051     

364209  3.2526         0.9751         1.5351E-01  111210    

364107  39.857         0.9751         2.3359E-01  15884     

364122  40.675         0.9751         1.5238E-01  10618393  

364280  46.031         0.9751         1.0000E+00  516692    

364290  0.17154        1.0            1.0000E+00  6030      

410647  37.905         0.9457         1.0000E+00  1732108   

364705  4552.9         1.0            1.4526E-02  131570    

364132  110.46         0.9751         1.8905E-01  165639    
