dataset_number/I:crossSection_pb/D:kFactor/D:genFiltEff/D:events/D
364287  0.040854       1.0            1.0000E+00  54313     

364112  1.7876         0.9751         1.0000E+00  47276     

364158  19143.0        0.9702         4.4209E-02  11929     

364704  254610.0       1.0            1.3366E-02  179040    

364129  1981.9         0.9751         1.1359E-01  314223    

363356  15.564         1.0            1.4158E-01  1689310   

364113  0.1476         0.9751         1.0000E+00  24238     

364190  339.69         0.9702         5.9821E-01  1365432   

364254  12.502         1.0            1.0         12008724  

364248  0.00038532     1.0            2.2463E-01  19600     

364137  8.6754         0.9751         5.6430E-01  1266571   

364108  39.888         0.9751         1.5570E-01  124054    

346344  0.52458        1.0            4.3842E-01  2005461   

364135  40.71          0.9751         2.3420E-01  397271    

364203  3.2816         0.9751         1.6009E-01  2015      

364191  339.84         0.9702         2.9032E-01  821914    

364302  0.92331        1.0            1.4154E-01  107021    

364130  1982.0         0.9751         6.5773E-02  559545    

364249  0.00038491     1.0            4.4477E-01  11870     

364174  946.37         0.9702         2.4282E-01  7672646   

410659  22.173         1.1849         1.0000E+00  1473346   

410080  0.0091628      1.00413615479  1.0000E+00  64623     

346343  0.23844        1.0            1.0000E+00  370102    

364110  8.5194         0.9751         2.6621E-01  10295     

364134  40.756         0.9751         6.1697E-01  674075    

364180  72.105         0.9702         3.2017E-01  2443993   

364212  50.375         0.9751         8.9324E-01  106408    

364215  3.281          0.9751         1.5750E-01  11886     

363494  0.60303        1.0            1.0000E+00  3114      

364712  1.0367e-06     1.0            4.2889E-04  64566     

410155  0.54828        1.096          1.0000E+00  1819631   

364250  1.2517         1.0            1.0000E+00  10532172  

363359  24.703         1.0            1.0000E+00  7878850   

364187  945.58         0.9702         6.8329E-01  767569    

364289  2.9599         1.0            1.0000E+00  750669    

364711  4.2263e-05     1.0            2.6730E-03  61413     

364101  1982.6         0.9751         1.1357E-01  6894      

364255  3.2357         1.0            1.0         2838801   

364109  8.522          0.9751         5.6046E-01  23233     

364288  1.4496         1.0            1.0000E+00  116463    

364184  19155.0        0.9702         8.2462E-01  706294    

364282  9.1472         1.0            1.0000E+00  16965     

364280  46.031         0.9751         1.0000E+00  616671    

364708  0.62506        1.0            1.0156E-02  299920    

364186  19152.0        0.9702         4.5076E-02  527465    

364242  0.0071997      1.0            1.0000E+00  34635     

304014  0.0016395      1.0            1.0000E+00  63054     

364160  946.12         0.9702         2.3841E-01  18638     

364141  0.14821        0.9751         1.0000E+00  190205    

364208  3.2537         0.9751         8.5472E-01  519295    

410646  37.935         0.9450         1.0000E+00  2150527   

364103  109.07         0.9751         6.8831E-01  22996     

364166  72.103         0.9702         3.2005E-01  13702     

364205  2415.1         0.9751         3.4664E-02  219233    

410219  0.036865       1.12           1.0000E+00  238243    

364111  8.5301         0.9751         1.7666E-01  52637     

364284  0.046996       1.0            1.0000E+00  772873    

364246  0.0016664      1.0            4.4591E-01  25167     

364202  3.2413         0.9751         8.5369E-01  5917      

410644  2.027          1.0170         1.0000E+00  555465    

345723  0.0071139      1.0            1.0000E+00  39498     

364193  72.078         0.9702         5.6172E-01  589145    

364121  40.674         0.9751         2.3268E-01  3136300   

364139  8.6788         0.9751         1.7615E-01  307698    

364127  0.14881        0.9751         1.0000E+00  1121247   

364700  78050000000.0  1.0            9.7533E-01  1531      

363357  6.7964         1.0            1.0000E+00  8993      

364161  944.95         0.9702         8.4077E-02  54798     

364177  339.8          0.9702         2.9252E-01  10866256  

364303  0.92488        1.0            2.8024E-01  831       

410645  1.2675         1.0167         1.0000E+00  571217    

364119  110.53         0.9751         1.1587E-01  6285196   

364120  40.645         0.9751         6.1591E-01  5167721   

364245  0.00018805     1.0            1.0000E+00  33762     

364162  339.73         0.9702         6.0009E-01  33081     

364173  945.69         0.9702         6.8025E-01  10416480  

364126  1.8089         0.9751         1.0000E+00  3212625   

364178  339.7          0.9702         1.1088E-01  18746899  

364106  39.892         0.9751         6.1205E-01  37139     

410649  3.9939         0.9458         1.0000E+00  579578    

364128  1982.6         0.9751         8.2105E-01  455228    

364159  945.89         0.9702         6.8150E-01  28609     

364707  16.215         1.0            1.1097E-02  212786    

364290  0.17154        1.0            1.0000E+00  7920      

345706  0.010071       1.0            1.0000E+00  538134    

364710  0.0011962      1.0            5.8933E-03  56491     

364163  339.8          0.9702         2.9172E-01  41541     

364247  1.452e-05      1.0            1.0000E+00  24728     

364171  19145.0        0.9702         1.3102E-01  13280417  

364156  19151.0        0.9702         8.2460E-01  12698     

364199  2415.2         0.9751         3.4432E-02  644       

364213  50.47          0.9751         0.10985     48605     

363355  15.558         1.0            2.7991E-01  13318     

364198  2418.3         0.9751         9.6524E-01  1657      

364136  40.741         0.9751         1.5494E-01  679291    

364168  15.008         0.9702         1.0000E+00  48289     

364100  1981.7         0.9751         8.2152E-01  9388      

364114  1982.8         0.9751         8.2120E-01  6673512   

364706  257.54         1.0            9.4734E-03  288963    

345715  0.2685         1.0            1.0000E+00  109159    

364702  2433000000.0   1.0            9.8631E-03  40272     

364107  39.847         0.9751         2.3347E-01  20664     

364165  72.084         0.9702         5.4738E-01  25829     

364703  26450000.0     1.0            1.1658E-02  77753     

364122  40.68          0.9751         1.5352E-01  13351339  

364214  3.2861         0.9751         8.5595E-01  27307     

364195  71.944         0.9702         1.3604E-01  228628    

364172  19143.0        0.9702         4.4183E-02  10722117  

364304  0.62194        1.0            1.0000E+00  111174    

364117  110.71         0.9751         6.9362E-01  5854227   

364123  8.6716         0.9751         5.6429E-01  2113002   

364131  110.72         0.9751         6.9313E-01  602741    

364201  50.291         0.9751         1.0911E-01  7970      

364197  1.2342         0.9702         1.0000E+00  408701    

364194  71.99          0.9702         3.1984E-01  363198    

364286  0.02521        1.0            1.0000E+00  519593    

364181  72.077         0.9702         1.3755E-01  4553508   

410658  36.995         1.1935         1.0000E+00  1479817   

410470  729.77         1.13975636159  5.4382E-01  45158895  

363360  24.721         1.0            1.0000E+00  3125947   

410560  0.24042        1.0            1.0000E+00  292523    

364167  72.063         0.9702         1.3720E-01  43973     

364164  339.68         0.9702         1.1111E-01  108124    

364157  19145.0        0.9702         1.3031E-01  12443     

364253  4.5723         1.0            1.0000E+00  10748492  

364116  1981.9         0.9751         6.5697E-02  7592210   

364169  1.2349         0.9702         1.0000E+00  61827     

410647  37.905         0.9457         1.0000E+00  2146724   

364125  8.6801         0.9751         1.7632E-01  4288228   

364281  36.377         0.9751         1.0000E+00  16404     

364192  339.68         0.9702         1.1153E-01  1696766   

364204  2415.1         0.9751         9.6523E-01  529938    

364701  78050000000.0  1.0            2.4424E-02  2522      

410471  729.77         1.13974074379  4.5621E-01  662665    

364170  19153.0        0.9702         8.2457E-01  14822194  

363489  11.42          1.0            1.0000E+00  7916906   

364188  946.49         0.9702         2.4245E-01  575508    

364705  4552.9         1.0            1.4526E-02  174795    

364105  109.05         0.9751         1.1963E-01  38518     

364189  945.87         0.9702         8.6159E-02  512331    

410157  0.52821        1.11           1.0000E+00  524865    

364132  110.46         0.9751         1.8905E-01  206086    

364140  1.8075         0.9751         1.0000E+00  508448    

364182  15.05          0.9702         1.0000E+00  4897341   

364244  0.0035481      1.0            1.0000E+00  26889     

346345  0.054667       1.0            1.0000E+00  3207486   

364175  945.63         0.9702         8.3353E-02  13842673  

364211  2414.9         0.9751         3.4486E-02  4152      

364209  3.253          0.9751         1.5335E-01  221792    

364179  72.077         0.9702         5.4800E-01  3763607   

364104  108.99         0.9751         1.9451E-01  7571      

364183  1.2344         0.9702         1.0000E+00  6167638   

364115  1981.7         0.9751         1.1367E-01  4484051   

345705  0.0099577      1.0            1.0000E+00  32744     

364133  110.68         0.9751         1.2001E-01  653802    

364243  0.001797       1.0            1.0000E+00  38083     

364124  8.6698         0.9751         2.6616E-01  1059549   

364138  8.6758         0.9751         2.6759E-01  149705    

364176  339.75         0.9702         5.9652E-01  7501907   

364285  0.11634        1.0            1.0000E+00  187765    

410220  0.036555       1.12           1.0000E+00  243012    

410472  729.77         1.13975636159  1.0547E-01  45224801  

363358  3.432          1.0            1.0000E+00  8252085   

364305  0.62186        1.0            1.0000E+00  110623    

364283  0.010567       1.0            1.0000E+00  136976    

410081  0.008094       1.22342593851  1.0000E+00  16017     

364206  50.395         0.9751         8.9308E-01  1977292   

364709  0.019639       1.0            1.2056E-02  186956    

345718  0.4823         1.0            1.0000E+00  247712    

364118  110.47         0.9751         1.9130E-01  2033874   

364185  19154.0        0.9702         1.2957E-01  677552    

364200  50.349         0.9751         8.9312E-01  8355      

410218  0.036864       1.12           1.0000E+00  1153693   

364210  2415.1         0.9751         9.6518E-01  9540      

410648  3.997          0.9451         1.0000E+00  580283    

364207  50.499         0.9751         0.1087      790827    

364196  15.052         0.9702         1.0000E+00  522645    

410156  0.15504        1.11           1.0000E+00  260312    

364102  1981.5         0.9751         6.5853E-02  14701     
