dataset_number/I:crossSection_pb/D:kFactor/D:genFiltEff/D:events/D
364701  78050000000.0  1.0            2.4424E-02  3233      

363489  11.42          1.0            1.0000E+00  2630114   

363356  15.569         1.0            1.4142E-01  2793685   

410470  729.77         1.13975636159  5.4382E-01  60165783  

364281  36.377         0.9751         1.0000E+00  22400     

364178  339.7          0.9702         1.1088E-01  24432891  

346344  0.52458        1.0            4.3842E-01  2550712   

364122  40.68          0.9751         1.5352E-01  17668330  

364284  0.046996       1.0            1.0000E+00  1002836   

364100  1981.7         0.9751         8.2152E-01  12933     

364243  0.001797       1.0            1.0000E+00  63511     

364171  19145.0        0.9702         1.3102E-01  17562406  

364156  19151.0        0.9702         8.2460E-01  16892     

363494  0.60303        1.0            1.0000E+00  5028      

364187  945.58         0.9702         6.8329E-01  1019902   

364112  1.7876         0.9751         1.0000E+00  63639     

364131  110.72         0.9751         6.9313E-01  801760    

363359  24.703         1.0            1.0000E+00  2620523   

364280  46.031         0.9751         1.0000E+00  850588    

364709  0.019639       1.0            1.2056E-02  236631    

364249  0.00038491     1.0            4.4477E-01  23684     

364160  946.12         0.9702         2.3841E-01  24822     

364127  0.14881        0.9751         1.0000E+00  1496525   

364194  71.99          0.9702         3.1984E-01  482463    

364211  2414.9         0.9751         3.4486E-02  3516      

364107  39.847         0.9751         2.3347E-01  27496     

364115  1981.7         0.9751         1.1367E-01  5962859   

364141  0.14821        0.9751         1.0000E+00  253283    

364210  2415.1         0.9751         9.6518E-01  7872      

364138  8.6758         0.9751         2.6759E-01  201073    

364157  19145.0        0.9702         1.3031E-01  16528     

364167  72.063         0.9702         1.3720E-01  57755     

364140  1.8075         0.9751         1.0000E+00  671753    

364106  39.892         0.9751         6.1205E-01  48389     

364213  50.47          0.9751         0.10985     40523     

410157  0.52821        1.11           1.0000E+00  625190    

364102  1981.5         0.9751         6.5853E-02  20298     

364137  8.6754         0.9751         5.6430E-01  1670359   

363360  24.721         1.0            1.0000E+00  2594173   

364287  0.040854       1.0            1.0000E+00  434255    

364121  40.674         0.9751         2.3268E-01  4169347   

410472  729.77         1.13975636159  1.0547E-01  63201587  

364712  1.0367e-06     1.0            4.2889E-04  75456     

364118  110.47         0.9751         1.9130E-01  2711434   

364288  1.4496         1.0            1.0000E+00  155622    

364180  72.105         0.9702         3.2017E-01  3250779   

364173  945.69         0.9702         6.8025E-01  13847157  

364158  19143.0        0.9702         4.4209E-02  15424     

364113  0.1476         0.9751         1.0000E+00  32555     

364289  2.9599         1.0            1.0000E+00  1019570   

345723  0.0071139      1.0            1.0000E+00  58598     

363357  6.7964         1.0            1.0000E+00  14974     

364162  339.73         0.9702         6.0009E-01  44967     

364245  0.00018805     1.0            1.0000E+00  60528     

345705  0.0099577      1.0            1.0000E+00  130831    

364244  0.0035481      1.0            1.0000E+00  44745     

364191  339.84         0.9702         2.9032E-01  1086675   

364285  0.11634        1.0            1.0000E+00  295573    

364242  0.0071997      1.0            1.0000E+00  57820     

345706  0.010071       1.0            1.0000E+00  544618    

364176  339.75         0.9702         5.9652E-01  10051740  

410649  3.9939         0.9458         1.0000E+00  767693    

364101  1982.6         0.9751         1.1357E-01  9135      

364159  945.89         0.9702         6.8150E-01  38091     

364103  109.07         0.9751         6.8831E-01  30341     

364303  0.92488        1.0            2.8024E-01  1036      

346343  0.23844        1.0            1.0000E+00  470055    

364179  72.077         0.9702         5.4800E-01  5192029   

364203  3.2816         0.9751         1.6009E-01  2738      

364128  1982.6         0.9751         8.2105E-01  603013    

364214  3.2861         0.9751         8.5595E-01  35751     

364711  4.2263e-05     1.0            2.6730E-03  72125     

364181  72.077         0.9702         1.3755E-01  6059931   

364108  39.877         0.9751         1.5579E-01  163300    

364175  945.63         0.9702         8.3353E-02  17174005  

364130  1982.0         0.9751         6.5773E-02  739444    

364105  109.05         0.9751         1.1963E-01  51337     

410219  0.036865       1.12           1.0000E+00  385638    

410155  0.54828        1.096          1.0000E+00  2921103   

364204  2415.1         0.9751         9.6523E-01  390588    

364168  15.008         0.9702         1.0000E+00  63440     

364197  1.2342         0.9702         1.0000E+00  542325    

364163  339.8          0.9702         2.9172E-01  54686     

364700  78050000000.0  1.0            9.7533E-01  1879      

364169  1.2349         0.9702         1.0000E+00  80509     

364114  1982.8         0.9751         8.2120E-01  8851369   

364125  8.6801         0.9751         1.7632E-01  5680682   

364208  3.2537         0.9751         8.5472E-01  430478    

364119  110.53         0.9751         1.1587E-01  8309939   

345718  0.4823         1.0            1.0000E+00  326283    

410645  1.2675         1.0167         1.0000E+00  757088    

364120  40.645         0.9751         6.1591E-01  6905673   

364253  4.5723         1.0            1.0000E+00  8957281   

364250  1.2517         1.0            1.0000E+00  7511184   

345715  0.2685         1.0            1.0000E+00  145007    

364116  1981.9         0.9751         6.5697E-02  10086477  

364283  0.010567       1.0            1.0000E+00  107908    

364202  3.2413         0.9751         8.5369E-01  4479      

364110  8.5194         0.9751         2.6621E-01  13959     

364248  0.00038532     1.0            2.2463E-01  39484     

410648  3.997          0.9451         1.0000E+00  769365    

364126  1.8089         0.9751         1.0000E+00  4312793   

364185  19154.0        0.9702         1.2957E-01  869197    

364164  339.68         0.9702         1.1111E-01  169067    

364172  19143.0        0.9702         4.4183E-02  14400333  

364209  3.253          0.9751         1.5335E-01  186205    

410647  37.905         0.9457         1.0000E+00  2852366   

364174  946.37         0.9702         2.4282E-01  10251301  

364132  110.46         0.9751         1.8905E-01  273173    

364196  15.052         0.9702         1.0000E+00  692733    

364190  339.69         0.9702         5.9821E-01  1812346   

364192  339.68         0.9702         1.1153E-01  2216741   

364201  50.291         0.9751         1.0911E-01  5798      

364290  0.17154        1.0            1.0000E+00  10062     

346345  0.054667       1.0            1.0000E+00  4087463   

364255  3.2357         1.0            1.0         2354317   

410644  2.027          1.0170         1.0000E+00  733499    

364206  50.395         0.9751         8.9308E-01  1464585   

364706  257.54         1.0            9.4734E-03  398838    

364177  339.8          0.9702         2.9252E-01  14434226  

364182  15.05          0.9702         1.0000E+00  6498608   

364170  19153.0        0.9702         8.2457E-01  19923082  

364136  40.741         0.9751         1.5494E-01  906238    

364704  254610.0       1.0            1.3366E-02  229709    

364703  26450000.0     1.0            1.1658E-02  100719    

364117  110.71         0.9751         6.9362E-01  7884638   

364246  0.0016664      1.0            4.4591E-01  45352     

363355  15.558         1.0            2.7991E-01  21636     

364123  8.6716         0.9751         5.6429E-01  2892098   

410220  0.036555       1.12           1.0000E+00  258722    

364188  946.49         0.9702         2.4245E-01  770794    

364109  8.522          0.9751         5.6046E-01  30835     

410080  0.0091628      1.00413615479  1.0000E+00  64964     

364195  71.944         0.9702         1.3604E-01  303415    

364165  72.084         0.9702         5.4738E-01  33698     

364286  0.02521        1.0            1.0000E+00  207975    

364199  2415.2         0.9751         3.4432E-02  491       

364205  2415.1         0.9751         3.4664E-02  161251    

364710  0.0011962      1.0            5.8933E-03  66984     

410156  0.15504        1.11           1.0000E+00  346091    

364193  72.078         0.9702         5.6172E-01  783866    

410218  0.036864       1.12           1.0000E+00  1869578   

410560  0.24042        1.0            1.0000E+00  385394    

364166  72.103         0.9702         3.2005E-01  17937     

364111  8.5301         0.9751         1.7666E-01  69053     

364305  0.62186        1.0            1.0000E+00  146475    

410471  729.77         1.13974074379  4.5621E-01  1145835   

363358  3.432          1.0            1.0000E+00  2745385   

410081  0.008094       1.22342593851  1.0000E+00  16062     

364707  16.215         1.0            1.1097E-02  294819    

364304  0.62194        1.0            1.0000E+00  135462    

364183  1.2344         0.9702         1.0000E+00  4602552   

410659  22.173         1.1849         1.0000E+00  2051645   

364200  50.349         0.9751         8.9312E-01  6024      

364282  9.1472         1.0            1.0000E+00  22702     

364702  2433000000.0   1.0            9.8631E-03  52072     

364184  19155.0        0.9702         8.2462E-01  937898    

364212  50.375         0.9751         8.9324E-01  87902     

364247  1.452e-05      1.0            1.0000E+00  49557     

364129  1981.9         0.9751         1.1359E-01  421341    

364708  0.62506        1.0            1.0156E-02  412885    

364207  50.499         0.9751         0.1087      658816    

364135  40.71          0.9751         2.3420E-01  527585    

364198  2418.3         0.9751         9.6524E-01  1171      

304014  0.0016395      1.0            1.0000E+00  63150     

410646  37.935         0.9450         1.0000E+00  2852536   

364215  3.281          0.9751         1.5750E-01  15757     

364161  944.95         0.9702         8.4077E-02  72571     

364133  110.68         0.9751         1.2001E-01  869563    

364134  40.756         0.9751         6.1697E-01  896250    

364124  8.6698         0.9751         2.6616E-01  1471089   

364139  8.6788         0.9751         1.7615E-01  409836    

364705  4552.9         1.0            1.4526E-02  242869    

410658  36.995         1.1935         1.0000E+00  1968998   

364186  19152.0        0.9702         4.5076E-02  697835    

364254  12.502         1.0            1.0         9961926   

364104  108.99         0.9751         1.9451E-01  9929      

364302  0.92331        1.0            1.4154E-01  140620    

364189  945.87         0.9702         8.6159E-02  1022451   
