dataset_number/I:crossSection_pb/D:kFactor/D:genFiltEff/D:events/D
410644  2.027          1.0170         1.0000E+00  944401    

364126  1.8089         0.9751         1.0000E+00  213455    

364176  339.75         0.9702         5.9652E-01  212327    

364127  0.14881        0.9751         1.0000E+00  120929    

364177  339.8          0.9702         2.9252E-01  422645    

364182  15.05          0.9702         1.0000E+00  372974    

345723  0.0071139      1.0            1.0000E+00  61515     

364285  0.11634        1.0            1.0000E+00  286942    

364103  109.07         0.9751         6.8831E-01  8422206   

364175  945.63         0.9702         8.3353E-02  419064    

364712  1.0367e-06     1.0            4.2889E-04  375296    

364171  19145.0        0.9702         1.3102E-01  330279    

364156  19151.0        0.9702         8.2460E-01  22973874  

364136  40.741         0.9751         1.5494E-01  1192175   

364170  19153.0        0.9702         8.2457E-01  395698    

410220  0.036555       1.12           1.0000E+00  325877    

345705  0.0099577      1.0            1.0000E+00  143512    

364243  0.001797       1.0            1.0000E+00  66311     

364138  8.6758         0.9751         2.6759E-01  245076    

364105  109.05         0.9751         1.1963E-01  8794648   

364129  1981.9         0.9751         1.1359E-01  530975    

410218  0.036864       1.12           1.0000E+00  539044    

364287  0.040854       1.0            1.0000E+00  471872    

364131  110.72         0.9751         6.9313E-01  944346    

364702  2433000000.0   1.0            9.8631E-03  377192    

364141  0.14821        0.9751         1.0000E+00  351564    

364253  4.5723         1.0            1.0000E+00  9853988   

364701  78050000000.0  1.0            2.4424E-02  218994    

363357  6.7964         1.0            1.0000E+00  125538    

364194  71.99          0.9702         3.1984E-01  682895    

364203  3.2816         0.9751         1.6009E-01  222022    

364189  945.87         0.9702         8.6159E-02  1388750   

364283  0.010567       1.0            1.0000E+00  120139    

364209  3.253          0.9751         1.5335E-01  23471     

364117  110.71         0.9751         6.9362E-01  125202    

364289  2.9599         1.0            1.0000E+00  862993    

364707  16.215         1.0            1.1097E-02  1411216   

364199  2415.2         0.9751         3.4432E-02  210112    

364246  0.0016664      1.0            4.4591E-01  47845     

364137  8.6754         0.9751         5.6430E-01  1894934   

364128  1982.6         0.9751         8.2105E-01  773724    

364254  12.502         1.0            1.0         10938770  

364290  0.17154        1.0            1.0000E+00  13097     

410646  37.935         0.9450         1.0000E+00  3645092   

364212  50.375         0.9751         8.9324E-01  131938    

364186  19152.0        0.9702         4.5076E-02  1047530   

346344  0.52458        1.0            4.3842E-01  3350150   

304014  0.0016395      1.0            1.0000E+00  87722     

410081  0.008094       1.22342593851  1.0000E+00  20575     

364703  26450000.0     1.0            1.1658E-02  808486    

364172  19143.0        0.9702         4.4183E-02  296837    

364178  339.7          0.9702         1.1088E-01  1000834   

364192  339.68         0.9702         1.1153E-01  3179148   

364120  40.645         0.9751         6.1591E-01  122945    

363494  0.60303        1.0            1.0000E+00  59153     

364244  0.0035481      1.0            1.0000E+00  47644     

364281  36.377         0.9751         1.0000E+00  1837824   

363358  3.432          1.0            1.0000E+00  2968512   

364190  339.69         0.9702         5.9821E-01  2269717   

410156  0.15504        1.11           1.0000E+00  495610    

364205  2415.1         0.9751         3.4664E-02  21764     

364159  945.89         0.9702         6.8150E-01  15627821  

364288  1.4496         1.0            1.0000E+00  95243     

364284  0.046996       1.0            1.0000E+00  1115164   

364213  50.47          0.9751         0.10985     69502     

345718  0.4823         1.0            1.0000E+00  360151    

364108  39.877         0.9751         1.5579E-01  18597342  

364121  40.674         0.9751         2.3268E-01  99770     

364164  339.68         0.9702         1.1111E-01  27226404  

363360  24.721         1.0            1.0000E+00  2939656   

364196  15.052         0.9702         1.0000E+00  1031739   

364197  1.2342         0.9702         1.0000E+00  924515    

364139  8.6788         0.9751         1.7615E-01  587746    

364215  3.281          0.9751         1.5750E-01  38706     

364711  4.2263e-05     1.0            2.6730E-03  351626    

410157  0.52821        1.11           1.0000E+00  946380    

364130  1982.0         0.9751         6.5773E-02  922635    

364107  39.847         0.9751         2.3347E-01  4406472   

364174  946.37         0.9702         2.4282E-01  216562    

364282  9.1472         1.0            1.0000E+00  57643     

364110  8.5194         0.9751         2.6621E-01  1493249   

364198  2418.3         0.9751         9.6524E-01  574917    

364169  1.2349         0.9702         1.0000E+00  5153819   

364201  50.291         0.9751         1.0911E-01  763282    

364115  1981.7         0.9751         1.1367E-01  95862     

364187  945.58         0.9702         6.8329E-01  1333040   

364206  50.395         0.9751         8.9308E-01  42767     

410080  0.0091628      1.00413615479  1.0000E+00  92893     

364305  0.62186        1.0            1.0000E+00  161326    

364708  0.62506        1.0            1.0156E-02  1888134   

364706  257.54         1.0            9.4734E-03  2084677   

364140  1.8075         0.9751         1.0000E+00  855457    

364168  15.008         0.9702         1.0000E+00  7232173   

410219  0.036865       1.12           1.0000E+00  1947507   

364163  339.8          0.9702         2.9172E-01  15796335  

364100  1981.7         0.9751         8.2152E-01  9666750   

364302  0.92331        1.0            1.4154E-01  150115    

364255  3.2357         1.0            1.0         2650555   

364135  40.71          0.9751         2.3420E-01  626175    

364183  1.2344         0.9702         1.0000E+00  449070    

364106  39.892         0.9751         6.1205E-01  7252130   

364116  1981.9         0.9751         6.5697E-02  169281    

346345  0.054667       1.0            1.0000E+00  4749022   

410659  22.173         1.1849         1.0000E+00  2430819   

364181  72.077         0.9702         1.3755E-01  443716    

410560  0.24042        1.0            1.0000E+00  459092    

364133  110.68         0.9751         1.2001E-01  1083234   

364204  2415.1         0.9751         9.6523E-01  102313    

364112  1.7876         0.9751         1.0000E+00  4649860   

364111  8.5301         0.9751         1.7666E-01  5992836   

364166  72.103         0.9702         3.2005E-01  3582972   

364191  339.84         0.9702         2.9032E-01  1446291   

364157  19145.0        0.9702         1.3031E-01  19833630  

364125  8.6801         0.9751         1.7632E-01  412062    

364280  46.031         0.9751         1.0000E+00  139265    

364167  72.063         0.9702         1.3720E-01  6832330   

410471  729.77         1.13974074379  4.5621E-01  6640703   

364202  3.2413         0.9751         8.5369E-01  506075    

364102  1981.5         0.9751         6.5853E-02  10762347  

364122  40.68          0.9751         1.5352E-01  813654    

363359  24.703         1.0            1.0000E+00  2958377   

364709  0.019639       1.0            1.2056E-02  1067134   

346343  0.23844        1.0            1.0000E+00  1402085   

364193  72.078         0.9702         5.6172E-01  982527    

410645  1.2675         1.0167         1.0000E+00  957159    

345715  0.2685         1.0            1.0000E+00  157429    

364242  0.0071997      1.0            1.0000E+00  60862     

364118  110.47         0.9751         1.9130E-01  48087     

364304  0.62194        1.0            1.0000E+00  149736    

364162  339.73         0.9702         6.0009E-01  11116856  

364250  1.2517         1.0            1.0000E+00  8312966   

345706  0.010071       1.0            1.0000E+00  566420    

364158  19143.0        0.9702         4.4209E-02  16389099  

410472  729.77         1.13975636159  1.0547E-01  71495476  

363489  11.42          1.0            1.0000E+00  3010353   

364248  0.00038532     1.0            2.2463E-01  40632     

364132  110.46         0.9751         1.8905E-01  326006    

410470  729.77         1.13975636159  5.4382E-01  72823375  

364185  19154.0        0.9702         1.2957E-01  1250519   

364249  0.00038491     1.0            4.4477E-01  24988     

364188  946.49         0.9702         2.4245E-01  1013828   

364134  40.756         0.9751         6.1697E-01  1027420   

410647  37.905         0.9457         1.0000E+00  3641200   

364165  72.084         0.9702         5.4738E-01  5741133   

364200  50.349         0.9751         8.9312E-01  1663364   

364195  71.944         0.9702         1.3604E-01  508080    

364700  78050000000.0  1.0            9.7533E-01  207734    

410658  36.995         1.1935         1.0000E+00  2361315   

364173  945.69         0.9702         6.8025E-01  264273    

364160  946.12         0.9702         2.3841E-01  11262463  

364124  8.6698         0.9751         2.6616E-01  50234     

364179  72.077         0.9702         5.4800E-01  135806    

364113  0.1476         0.9751         1.0000E+00  1566146   

364207  50.499         0.9751         0.1087      32711     

364247  1.452e-05      1.0            1.0000E+00  50928     

364704  254610.0       1.0            1.3366E-02  1588792   

364184  19155.0        0.9702         8.2462E-01  1412857   

410155  0.54828        1.096          1.0000E+00  3832734   

363355  15.558         1.0            2.7991E-01  154295    

364303  0.92488        1.0            2.8024E-01  7317      

364101  1982.6         0.9751         1.1357E-01  6429135   

410649  3.9939         0.9458         1.0000E+00  846768    

364161  944.95         0.9702         8.4077E-02  20707353  

363356  15.569         1.0            1.4142E-01  3038301   

364104  108.99         0.9751         1.9451E-01  2863881   

364123  8.6716         0.9751         5.6429E-01  63170     

364211  2414.9         0.9751         3.4486E-02  25415     

364119  110.53         0.9751         1.1587E-01  228061    

364245  0.00018805     1.0            1.0000E+00  62585     

364210  2415.1         0.9751         9.6518E-01  110233    

410648  3.997          0.9451         1.0000E+00  849871    

364114  1982.8         0.9751         8.2120E-01  146111    

364286  0.02521        1.0            1.0000E+00  229628    

364208  3.2537         0.9751         8.5472E-01  20846     

364710  0.0011962      1.0            5.8933E-03  313424    

364705  4552.9         1.0            1.4526E-02  1426943   

364180  72.105         0.9702         3.2017E-01  140475    

364109  8.522          0.9751         5.6046E-01  2961696   

364214  3.2861         0.9751         8.5595E-01  59545     
