dataset_number/I:crossSection_pb/D:kFactor/D:genFiltEff/D:events/D
364161  944.95         0.9702         8.4077E-02  15775244  

364290  0.17154        1.0            1.0000E+00  10361     

364208  3.2537         0.9751         8.5472E-01  25170     

364137  8.6754         0.9751         5.6430E-01  1436512   

364284  0.046996       1.0            1.0000E+00  861527    

364116  1981.9         0.9751         6.5697E-02  129204    

364100  1981.7         0.9751         8.2152E-01  7222989   

364132  110.46         0.9751         1.8905E-01  245165    

364281  36.377         0.9751         1.0000E+00  1360693   

364107  39.847         0.9751         2.3347E-01  3313136   

363358  3.432          1.0            1.0000E+00  8915280   

410647  37.905         0.9457         1.0000E+00  2745509   

364158  19143.0        0.9702         4.4209E-02  12257584  

364190  339.69         0.9702         5.9821E-01  1712981   

345718  0.4823         1.0            1.0000E+00  274162    

364121  40.674         0.9751         2.3268E-01  75966     

364112  1.7876         0.9751         1.0000E+00  3420047   

364202  3.2413         0.9751         8.5369E-01  680638    

364175  945.63         0.9702         8.3353E-02  346041    

364114  1982.8         0.9751         8.2120E-01  113581    

364179  72.077         0.9702         5.4800E-01  99835     

364172  19143.0        0.9702         4.4183E-02  227495    

364708  0.62506        1.0            1.0156E-02  1353763   

364253  4.5723         1.0            1.0000E+00  11814107  

364242  0.0071997      1.0            1.0000E+00  36716     

364171  19145.0        0.9702         1.3102E-01  256841    

364139  8.6788         0.9751         1.7615E-01  443099    

345706  0.010071       1.0            1.0000E+00  560137    

364129  1981.9         0.9751         1.1359E-01  393978    

364126  1.8089         0.9751         1.0000E+00  159639    

364181  72.077         0.9702         1.3755E-01  335546    

364134  40.756         0.9751         6.1697E-01  769992    

364173  945.69         0.9702         6.8025E-01  203056    

364176  339.75         0.9702         5.9652E-01  161368    

364195  71.944         0.9702         1.3604E-01  382229    

410080  0.0091628      1.00413615479  1.0000E+00  93310     

364165  72.084         0.9702         5.4738E-01  4304936   

345723  0.0071139      1.0            1.0000E+00  41485     

364177  339.8          0.9702         2.9252E-01  321514    

346343  0.23844        1.0            1.0000E+00  1104475   

364199  2415.2         0.9751         3.4432E-02  286626    

364289  2.9599         1.0            1.0000E+00  634940    

364215  3.281          0.9751         1.5750E-01  29122     

364104  108.99         0.9751         1.9451E-01  2157667   

410470  729.77         1.13975636159  5.4382E-01  54607144  

364210  2415.1         0.9751         9.6518E-01  138294    

364302  0.92331        1.0            1.4154E-01  114909    

364249  0.00038491     1.0            4.4477E-01  12487     

364120  40.645         0.9751         6.1591E-01  93467     

364122  40.68          0.9751         1.5352E-01  618279    

364194  71.99          0.9702         3.1984E-01  516069    

364185  19154.0        0.9702         1.2957E-01  980732    

364168  15.008         0.9702         1.0000E+00  5451431   

364163  339.8          0.9702         2.9172E-01  11860694  

364198  2418.3         0.9751         9.6524E-01  782924    

364110  8.5194         0.9751         2.6621E-01  1118665   

364282  9.1472         1.0            1.0000E+00  43794     

364248  0.00038532     1.0            2.2463E-01  20677     

364304  0.62194        1.0            1.0000E+00  121916    

364101  1982.6         0.9751         1.1357E-01  4808538   

364164  339.68         0.9702         1.1111E-01  17334172  

364206  50.395         0.9751         8.9308E-01  59612     

364182  15.05          0.9702         1.0000E+00  282524    

364187  945.58         0.9702         6.8329E-01  1005779   

364169  1.2349         0.9702         1.0000E+00  3878260   

364255  3.2357         1.0            1.0         3199697   

410646  37.935         0.9450         1.0000E+00  2747774   

410156  0.15504        1.11           1.0000E+00  371637    

364709  0.019639       1.0            1.2056E-02  835264    

364196  15.052         0.9702         1.0000E+00  779226    

364159  945.89         0.9702         6.8150E-01  11715070  

364702  2433000000.0   1.0            9.8631E-03  295322    

364108  39.877         0.9751         1.5579E-01  14013665  

364118  110.47         0.9751         1.9130E-01  36538     

364125  8.6801         0.9751         1.7632E-01  312757    

410218  0.036864       1.12           1.0000E+00  332582    

364170  19153.0        0.9702         8.2457E-01  302581    

364193  72.078         0.9702         5.6172E-01  739070    

364286  0.02521        1.0            1.0000E+00  574251    

364138  8.6758         0.9751         2.6759E-01  181870    

410644  2.027          1.0170         1.0000E+00  714567    

364123  8.6716         0.9751         5.6429E-01  46285     

364288  1.4496         1.0            1.0000E+00  71474     

346344  0.52458        1.0            4.3842E-01  2630544   

410081  0.008094       1.22342593851  1.0000E+00  20589     

410560  0.24042        1.0            1.0000E+00  346860    

364705  4552.9         1.0            1.4526E-02  1019966   

410645  1.2675         1.0167         1.0000E+00  721829    

410649  3.9939         0.9458         1.0000E+00  638953    

364128  1982.6         0.9751         8.2105E-01  585590    

364136  40.741         0.9751         1.5494E-01  894497    

364141  0.14821        0.9751         1.0000E+00  264940    

364174  946.37         0.9702         2.4282E-01  164269    

364212  50.375         0.9751         8.9324E-01  159259    

364211  2414.9         0.9751         3.4486E-02  31112     

364204  2415.1         0.9751         9.6523E-01  143818    

364188  946.49         0.9702         2.4245E-01  760464    

364245  0.00018805     1.0            1.0000E+00  34737     

363494  0.60303        1.0            1.0000E+00  36442     

364184  19155.0        0.9702         8.2462E-01  1068837   

364243  0.001797       1.0            1.0000E+00  39794     

345705  0.0099577      1.0            1.0000E+00  35717     

364119  110.53         0.9751         1.1587E-01  174636    

364130  1982.0         0.9751         6.5773E-02  698855    

364178  339.7          0.9702         1.1088E-01  774742    

410219  0.036865       1.12           1.0000E+00  1200012   

364131  110.72         0.9751         6.9313E-01  712756    

410659  22.173         1.1849         1.0000E+00  1750404   

364109  8.522          0.9751         5.6046E-01  2194440   

364287  0.040854       1.0            1.0000E+00  58904     

364244  0.0035481      1.0            1.0000E+00  28625     

364246  0.0016664      1.0            4.4591E-01  26335     

346345  0.054667       1.0            1.0000E+00  3723180   

364200  50.349         0.9751         8.9312E-01  2251165   

364191  339.84         0.9702         2.9032E-01  1095969   

364124  8.6698         0.9751         2.6616E-01  36309     

364250  1.2517         1.0            1.0000E+00  11660601  

364700  78050000000.0  1.0            9.7533E-01  166560    

364157  19145.0        0.9702         1.3031E-01  14782191  

364140  1.8075         0.9751         1.0000E+00  647183    

364186  19152.0        0.9702         4.5076E-02  793593    

364166  72.103         0.9702         3.2005E-01  2691752   

364706  257.54         1.0            9.4734E-03  1489263   

364303  0.92488        1.0            2.8024E-01  5613      

363355  15.558         1.0            2.7991E-01  94155     

364207  50.499         0.9751         0.1087      39593     

364209  3.253          0.9751         1.5335E-01  27991     

364201  50.291         0.9751         1.0911E-01  1019445   

364197  1.2342         0.9702         1.0000E+00  695271    

364127  0.14881        0.9751         1.0000E+00  90542     

364712  1.0367e-06     1.0            4.2889E-04  311244    

364111  8.5301         0.9751         1.7666E-01  4522953   

410648  3.997          0.9451         1.0000E+00  640207    

364162  339.73         0.9702         6.0009E-01  8179956   

364704  254610.0       1.0            1.3366E-02  1226078   

363356  15.564         1.0            1.4158E-01  1832429   

364156  19151.0        0.9702         8.2460E-01  17287083  

364167  72.063         0.9702         1.3720E-01  5170828   

364285  0.11634        1.0            1.0000E+00  181637    

364280  46.031         0.9751         1.0000E+00  101238    

364180  72.105         0.9702         3.2017E-01  106799    

364135  40.71          0.9751         2.3420E-01  471044    

364189  945.87         0.9702         8.6159E-02  697095    

410471  729.77         1.13974074379  4.5621E-01  3854044   

364247  1.452e-05      1.0            1.0000E+00  25673     

364707  16.215         1.0            1.1097E-02  1011800   

364192  339.68         0.9702         1.1153E-01  2435514   

364105  109.03         0.9751         1.1735E-01  6608337   

364283  0.010567       1.0            1.0000E+00  152203    

364703  26450000.0     1.0            1.1658E-02  627230    

364103  109.07         0.9751         6.8831E-01  6334362   

410472  729.77         1.13975636159  1.0547E-01  51106310  

363359  24.708         1.0            1.0000E+00  8905292   

410155  0.54828        1.096          1.0000E+00  2390201   

364160  946.12         0.9702         2.3841E-01  8485755   

410220  0.036555       1.12           1.0000E+00  306599    

364133  110.68         0.9751         1.2001E-01  815820    

364213  50.47          0.9751         0.10985     83501     

363357  6.7964         1.0            1.0000E+00  77288     

364205  2415.1         0.9751         3.4664E-02  30505     

364203  3.2816         0.9751         1.6009E-01  162351    

364214  3.2861         0.9751         8.5595E-01  44797     

304014  0.0016395      1.0            1.0000E+00  87961     

364183  1.2344         0.9702         1.0000E+00  602802    

364711  4.2263e-05     1.0            2.6730E-03  291345    

364106  39.892         0.9751         6.1205E-01  5464645   

363489  11.42          1.0            1.0000E+00  9048320   

364117  110.71         0.9751         6.9362E-01  93846     

364115  1981.7         0.9751         1.1367E-01  73635     

364710  0.0011962      1.0            5.8933E-03  258727    

364254  12.502         1.0            1.0         13179556  

363360  24.721         1.0            1.0000E+00  3539909   

410157  0.52821        1.11           1.0000E+00  791662    

364102  1981.5         0.9751         6.5853E-02  7820647   

364113  0.1476         0.9751         1.0000E+00  1174458   

410658  36.995         1.1935         1.0000E+00  1777253   

364701  78050000000.0  1.0            2.4424E-02  173581    

364305  0.62186        1.0            1.0000E+00  122122    

345715  0.2685         1.0            1.0000E+00  118588    
