dataset_number/I:crossSection_pb/D:kFactor/D:genFiltEff/D:events/D
410156  0.15504        1.11           1.0000E+00  368078    

364196  15.052         0.9702         1.0000E+00  598031    

364711  4.2263e-05     1.0            2.6730E-03  217965    

410471  729.77         1.13974074379  4.5621E-01  2936553   

364162  339.73         0.9702         6.0009E-01  6612980   

364212  50.376         0.9751         8.9310E-01  68956     

364103  109.14         0.9751         6.8992E-01  5059043   

364177  339.8          0.9702         2.9252E-01  196249    

363358  3.4328         1.0            1.0000E+00  1770872   

364100  1982.5         0.9751         8.2142E-01  5794591   

410472  729.77         1.13975636159  1.0547E-01  40844150  

364124  8.6668         0.9751         2.6531E-01  24784     

364159  945.89         0.9702         6.7430E-01  9380918   

364704  254610.0       1.0            1.3366E-02  920112    

364170  19153.0        0.9702         8.2467E-01  125014    

364195  71.944         0.9702         1.3597E-01  295331    

364101  1982.2         0.9751         1.1319E-01  3858070   

410157  0.52821        1.11           1.0000E+00  784485    

364165  72.084         0.9702         5.4766E-01  3447884   

364127  0.14875        0.9751         1.0000E+00  68856     

364708  0.62506        1.0            1.0156E-02  1072606   

364133  110.67         0.9751         1.1851E-01  624168    

364703  26450000.0     1.0            1.1658E-02  434216    

364115  1981.7         0.9751         1.1347E-01  34816     

364207  50.484         0.9751         0.1087      15036     

363489  11.42          1.0            1.0000E+00  1782687   

364164  339.68         0.9702         1.0844E-01  16351897  

364302  0.92331        1.0            1.4154E-01  89028     

410220  0.036555       1.12           1.0000E+00  316493    

345706  0.010071       1.0            1.0000E+00  563277    

364253  4.579          1.0            1.0000E+00  5666379   

364707  16.215         1.0            1.1097E-02  799110    

364113  0.14761        0.9751         1.0000E+00  936218    

364215  3.2813         0.9751         1.5581E-01  22382     

364186  19152.0        0.9702         4.5128E-02  555304    

363359  24.708         1.0            1.0000E+00  1757466   

364202  3.2398         0.9751         8.5373E-01  303147    

304014  0.0016396      1.0            1.0000E+00  87756     

364189  945.87         0.9702         8.3903E-02  515940    

364244  0.0035467      1.0            1.0000E+00  28523     

364211  2414.4         0.9751         3.4676E-02  8444      

364191  339.84         0.9702         2.9032E-01  834026    

364284  0.046996       1.0            1.0000E+00  667379    

364197  1.2342         0.9702         1.0000E+00  545227    

410644  2.027          1.0170         1.0000E+00  565833    

410218  0.036864       1.12           1.0000E+00  347541    

364117  110.64         0.9751         6.9275E-01  47324     

364121  40.671         0.9751         2.3209E-01  46812     

364175  945.63         0.9702         8.3353E-02  184924    

364188  946.49         0.9702         2.4245E-01  571452    

410080  0.0091626      1.00413615479  1.0000E+00  93013     

364178  339.7          0.9702         1.1088E-01  494036    

364109  8.5251         0.9751         5.6023E-01  1781972   

410645  1.2675         1.0167         1.0000E+00  571802    

364134  40.756         0.9751         6.1697E-01  593905    

364130  1982.1         0.9751         6.5432E-02  523118    

364102  1981.5         0.9751         6.5069E-02  6474346   

364709  0.019639       1.0            1.2056E-02  665735    

364242  0.0071979      1.0            1.0000E+00  36523     

364106  39.87          0.9751         6.1125E-01  4371003   

364249  0.00038545     1.0            4.4467E-01  12033     

364288  1.4496         1.0            1.0000E+00  56405     

364203  3.2813         0.9751         1.6027E-01  132674    

364181  72.077         0.9702         1.3755E-01  243102    

364107  39.857         0.9751         2.3359E-01  2646827   

363355  15.561         1.0            2.8003E-01  69953     

410646  37.935         0.9450         1.0000E+00  2169448   

364169  1.2349         0.9702         1.0000E+00  3097263   

364304  0.62194        1.0            1.0000E+00  89965     

364213  50.464         0.9751         0.10985     37706     

346345  0.054667       1.0            1.0000E+00  2853721   

364204  2415.3         0.9751         9.6520E-01  28757     

364254  12.501         1.0            1.0         6549193   

363356  15.564         1.0            1.4158E-01  3628022   

364112  1.787          0.9751         1.0000E+00  2732977   

364183  1.2344         0.9702         1.0000E+00  257107    

363494  0.60293        1.0            1.0000E+00  22533     

364712  1.0367e-06     1.0            4.2889E-04  235453    

364289  2.9599         1.0            1.0000E+00  508688    

410470  729.77         1.13975636159  5.4382E-01  43375117  

364710  0.0011962      1.0            5.8933E-03  195248    

364128  1982.0         0.9751         8.2142E-01  430617    

364108  39.888         0.9751         1.5570E-01  11157920  

364199  2414.2         0.9751         3.4445E-02  119770    

364187  945.58         0.9702         6.7560E-01  740828    

364194  71.99          0.9702         3.1984E-01  394536    

364141  0.14826        0.9751         1.0000E+00  208513    

364173  944.98         0.9702         6.7483E-01  93804     

364193  72.078         0.9702         5.6172E-01  563786    

364206  50.354         0.9751         8.9320E-01  15650     

364132  110.46         0.9751         1.8905E-01  188048    

346344  0.52458        1.0            4.3842E-01  2010706   

364201  50.29          0.9751         1.1212E-01  450242    

363360  24.724         1.0            1.0000E+00  1741949   

364303  0.92488        1.0            2.8024E-01  3203      

364247  1.4508e-05     1.0            1.0000E+00  24724     

364122  40.675         0.9751         1.5238E-01  433651    

364163  339.8          0.9702         2.9256E-01  9406070   

364157  19145.0        0.9702         1.3031E-01  12023814  

364280  46.031         0.9751         1.0000E+00  69849     

364167  72.063         0.9702         1.3137E-01  4060889   

364250  1.2523         1.0            1.0000E+00  5718083   

364114  1981.6         0.9751         8.2118E-01  50989     

364180  72.105         0.9702         3.1969E-01  72521     

410155  0.54822        1.096          1.0000E+00  2368900   

364190  339.69         0.9702         5.9884E-01  1279718   

364192  339.68         0.9702         1.0575E-01  1811029   

410649  3.9939         0.9458         1.0000E+00  509388    

345715  0.2685         1.0            1.0000E+00  93323     

364168  15.008         0.9702         1.0000E+00  4354760   

345705  0.0099577      1.0            1.0000E+00  28193     

364160  946.12         0.9702         2.4357E-01  6774312   

364125  8.6801         0.9751         1.7632E-01  232958    

364156  19151.0        0.9702         8.2465E-01  13760495  

364171  19145.0        0.9702         1.3102E-01  108702    

364210  2416.0         0.9751         9.6534E-01  33565     

364283  0.010567       1.0            1.0000E+00  119390    

364246  0.001668       1.0            4.4626E-01  25746     

364176  339.75         0.9702         5.9858E-01  83043     

364140  1.8078         0.9751         1.0000E+00  507664    

364286  0.02521        1.0            1.0000E+00  455750    

364111  8.5296         0.9751         1.7458E-01  3616712   

364137  8.6754         0.9751         5.6430E-01  1122192   

364290  0.17154        1.0            1.0000E+00  7626      

364287  0.040854       1.0            1.0000E+00  46823     

364205  2415.5         0.9751         3.4696E-02  6519      

364209  3.2526         0.9751         1.5351E-01  13086     

364706  257.54         1.0            9.4734E-03  1171869   

410560  0.24041        1.0            1.0000E+00  344453    

410647  37.905         0.9457         1.0000E+00  2172080   

364105  109.03         0.9751         1.1735E-01  5286062   

364129  1981.9         0.9751         1.1343E-01  298376    

364172  19143.0        0.9702         4.4154E-02  97470     

364161  944.8          0.9702         8.4525E-02  12445094  

364700  78050000000.0  1.0            9.7533E-01  56661     

364116  1982.0         0.9751         6.5194E-02  64240     

364285  0.11634        1.0            1.0000E+00  142462    

410219  0.036868       1.12           1.0000E+00  1263674   

364245  0.00018807     1.0            1.0000E+00  34772     

364184  19155.0        0.9702         8.2462E-01  739865    

364305  0.62186        1.0            1.0000E+00  96168     

364182  15.05          0.9702         1.0000E+00  202711    

364185  19154.0        0.9702         1.2957E-01  698863    

364158  19143.0        0.9702         4.4210E-02  9830175   

364702  2433000000.0   1.0            9.8631E-03  165872    

363357  6.7975         1.0            1.0000E+00  50591     

346343  0.23844        1.0            1.0000E+00  833497    

364200  50.33          0.9751         8.9306E-01  984319    

364248  0.00038533     1.0            2.2453E-01  19803     

364243  0.0017966      1.0            1.0000E+00  39583     

364118  110.5          0.9751         1.8933E-01  19952     

364138  8.6757         0.9751         2.6622E-01  143605    

345718  0.4823         1.0            1.0000E+00  216775    

364208  3.2539         0.9751         8.5485E-01  10389     

364179  72.077         0.9702         5.4829E-01  61411     

364110  8.5259         0.9751         2.6577E-01  893835    

364282  9.1472         1.0            1.0000E+00  32239     

364214  3.2852         0.9751         8.5552E-01  33384     

364198  2414.3         0.9751         9.6536E-01  310552    

410659  22.173         1.1849         1.0000E+00  1380351   

364139  8.6755         0.9751         1.7537E-01  344182    

345723  0.0071139      1.0            1.0000E+00  35747     

364126  1.8092         0.9751         1.0000E+00  116678    

364701  78050000000.0  1.0            2.4424E-02  65181     

410648  3.997          0.9451         1.0000E+00  509316    

364174  946.37         0.9702         2.4414E-01  86020     

364119  110.46         0.9751         1.1547E-01  110761    

364166  72.103         0.9702         3.2016E-01  2143520   

364136  40.746         0.9751         1.5026E-01  701127    

364131  110.66         0.9751         6.9203E-01  545243    

364120  40.645         0.9751         6.1591E-01  50983     

364705  4552.9         1.0            1.4526E-02  791493    

364255  3.2344         1.0            1.0         1578633   

364135  40.716         0.9751         2.3280E-01  366767    

364123  8.6703         0.9751         5.6349E-01  28182     

410658  36.995         1.1935         1.0000E+00  1349527   

410081  0.0080952      1.22342593851  1.0000E+00  20561     

364281  36.377         0.9751         1.0000E+00  1109256   

364104  108.98         0.9751         1.9027E-01  1725172   
